128.55889
111.00304
97.59221
87.15876
79.79804
73.90089
69.56570
66.09287
63.44732
61.48150
59.38220
57.69385
56.31261
55.09251
53.99961
53.01376
52.23560
51.51476
50.90298
50.41755
49.96326
49.45754
49.02304
48.63161
48.33203
48.04599
47.71815
47.48325
47.10834
46.87726
46.68468
46.35981
46.09164
45.90945
45.67400
45.44661
45.25427
45.08059
44.92332
44.70618
44.49257
44.35567
44.17109
44.04479
43.79619
43.59190
43.45681
43.24357
43.02028
42.91431
42.72012
42.61590
42.46386
42.36948
42.10551
41.95570
41.75871
41.61833
41.48697
41.33071
41.19203
41.05972
40.85707
40.73322
40.61949
40.45338
40.29631
40.08826
39.99276
39.88941
39.77333
39.60966
39.47499
39.28497
39.11977
39.03456
38.88916
38.78525
38.64640
38.56261
38.40943
38.30427
38.16929
38.04661
37.87792
37.76477
37.64110
37.53197
37.39422
37.23602
37.17836
37.07342
36.92889
36.77695
36.68175
36.56729
36.44288
36.33932
36.26995
36.18411